0.6564548015594482
0.613656759262085
0.613893985748291
0.6169452667236328
0.6111526489257812
0.6152236461639404
0.5947117805480957
0.559699535369873
0.6859755516052246
0.614436149597168
0.6125972270965576
0.6139655113220215
0.6137998104095459
0.6141791343688965
0.614717960357666
0.6122665405273438
0.6797363758087158
0.6347475051879883
0.6283962726593018
0.6155738830566406
0.6127233505249023
0.6136152744293213
0.6320803165435791
0.5963513851165771
0.6128332614898682
0.6135096549987793
0.558574914932251
0.6570279598236084
0.6261074542999268
0.6079411506652832
0.725196361541748
0.5977733135223389
0.6287894248962402
0.6126978397369385
0.7250401973724365
0.6045780181884766
0.617379903793335
0.6127347946166992
0.6166903972625732
0.5933339595794678
0.6472611427307129
0.5960090160369873
0.6139626502990723
0.6131527423858643
0.5978536605834961
0.6321778297424316
0.6118834018707275
0.6139147281646729
0.6145174503326416
0.5751497745513916
0.6546776294708252
0.6165223121643066
0.6079251766204834
0.6139936447143555
0.6047115325927734
0.622668981552124
0.609123706817627
0.6191451549530029
0.6142299175262451
0.6133651733398438
0.5650424957275391
0.5822749137878418
0.5658128261566162
0.629223108291626
0.624964714050293
0.7159817218780518
0.6141166687011719
0.5343999862670898
0.584662914276123
0.6200413703918457
0.5830512046813965
0.5355658531188965
0.5832788944244385
0.587822437286377
0.5805625915527344
0.5596485137939453
0.5579817295074463
0.5370116233825684
0.5608236789703369
0.7440869808197021
0.5458362102508545
0.5581455230712891
0.6337974071502686
0.6144206523895264
0.613811731338501
0.6164944171905518
0.6103975772857666
0.6179580688476562
0.6095254421234131
0.595752477645874
0.631908655166626
0.6140191555023193
0.7173569202423096
0.6129558086395264
0.6186261177062988
0.6106948852539062
0.5723762512207031
0.5598623752593994
0.5870931148529053
