0.000978708267211914
0.0009362697601318359
0.0008563995361328125
0.0008881092071533203
0.0009095668792724609
0.0009200572967529297
0.0008673667907714844
0.0008714199066162109
0.0008723735809326172
0.0019345283508300781
0.0008823871612548828
0.0008778572082519531
0.0008542537689208984
0.0008709430694580078
0.0008625984191894531
0.000934600830078125
0.0008707046508789062
0.0008950233459472656
0.0008738040924072266
0.0010104179382324219
0.000978231430053711
0.0008883476257324219
0.0010013580322265625
0.0009386539459228516
0.00091552734375
0.0009920597076416016
0.0009984970092773438
0.0009412765502929688
0.0010349750518798828
0.0010235309600830078
0.0009822845458984375
0.0010018348693847656
0.0009875297546386719
0.0010676383972167969
0.0008902549743652344
0.0008749961853027344
0.0008792877197265625
0.0008797645568847656
0.0010023117065429688
0.0008788108825683594
0.0008912086486816406
0.0008745193481445312
0.0009069442749023438
0.0008668899536132812
0.0008993148803710938
0.001050710678100586
0.0008633136749267578
0.0009987354278564453
0.0008707046508789062
0.0008690357208251953
0.0008909702301025391
0.0008978843688964844
0.0009009838104248047
0.0009224414825439453
0.0008854866027832031
0.0008578300476074219
0.0008974075317382812
0.0009894371032714844
0.0008847713470458984
0.0008797645568847656
0.0008678436279296875
0.0008935928344726562
0.0008771419525146484
0.0009737014770507812
0.0008766651153564453
0.0009164810180664062
0.0008525848388671875
0.0008783340454101562
0.0008764266967773438
0.000980377197265625
0.0008592605590820312
0.0009036064147949219
0.0008726119995117188
0.0008835792541503906
0.000885009765625
0.0008497238159179688
0.0009870529174804688
0.0009019374847412109
0.0009121894836425781
0.0008645057678222656
0.0009906291961669922
0.0009961128234863281
0.0008745193481445312
0.0008940696716308594
0.0008838176727294922
0.0008823871612548828
0.0008676052093505859
0.0011146068572998047
0.0008833408355712891
0.0008699893951416016
0.0009012222290039062
0.0009305477142333984
0.0008635520935058594
0.0008752346038818359
0.0008854866027832031
0.0008592605590820312
0.0008573532104492188
0.0008714199066162109
0.0008938312530517578
0.0009284019470214844
Example client received response, id: 1, message: Yes, I ack
